n_obs: 10
data_preparation: 42.78112721443176
writing: 2.568906307220459
reading: 3.6405086517333984
data_fitting: 178.3460705280304
flux_point: 44.64131164550781
