n_obs: 10
data_preparation: 38.89457964897156
writing: 2.406451940536499
reading: 0.25376462936401367
data_fitting: 149.98680019378662
flux_point: 37.4910614490509
