n_obs: 10
data_preparation: 37.133272647857666
writing: 2.5548064708709717
reading: 0.27107715606689453
data_fitting: 171.40886759757996
flux_point: 45.53034853935242
