n_obs: 10
data_preparation: 40.770572900772095
writing: 2.4400360584259033
reading: 3.3114163875579834
data_fitting: 166.24748969078064
flux_point: 42.23588705062866
