n_obs: 10
data_preparation: 26.807514190673828
writing: 2.2667765617370605
reading: 1.6338529586791992
data_fitting: 269.29237723350525
flux_point: 63.45079755783081
