n_obs: 10
data_preparation: 39.906686782836914
writing: 2.3921313285827637
reading: 0.24338412284851074
data_fitting: 157.05588388442993
flux_point: 38.32739996910095
