n_obs: 10
data_preparation: 22.90581965446472
writing: 2.0546655654907227
reading: 1.4847264289855957
data_fitting: 292.2679862976074
flux_point: 75.52038049697876
