n_obs: 10
data_preparation: 44.90259838104248
writing: 2.7040345668792725
reading: 3.513967514038086
data_fitting: 170.80067420005798
flux_point: 47.05400633811951
