n_obs: 10
data_preparation: 34.16120743751526
writing: 2.0705058574676514
reading: 0.20533251762390137
data_fitting: 129.62796187400818
flux_point: 32.22722864151001
