n_obs: 10
data_preparation: 37.93361258506775
writing: 2.0464370250701904
reading: 2.806730270385742
data_fitting: 147.75566363334656
flux_point: 35.22114872932434
