n_obs: 10
data_preparation: 37.98076009750366
writing: 2.1758153438568115
reading: 3.017774820327759
data_fitting: 154.55786681175232
flux_point: 37.34075093269348
