n_obs: 10
data_preparation: 45.29822325706482
writing: 2.7272517681121826
reading: 3.5814859867095947
data_fitting: 179.55642366409302
flux_point: 46.2302188873291
