n_obs: 10
data_preparation: 40.28590941429138
writing: 2.5410892963409424
reading: 3.1995129585266113
data_fitting: 156.85883808135986
flux_point: 39.71618676185608
