n_obs: 10
data_preparation: 36.32887649536133
writing: 2.1805272102355957
reading: 0.21339869499206543
data_fitting: 136.62486219406128
flux_point: 33.07872486114502
