n_obs: 10
data_preparation: 44.9702889919281
writing: 2.711962938308716
reading: 3.553422451019287
data_fitting: 176.25803923606873
flux_point: 46.97672438621521
