n_obs: 10
data_preparation: 33.6078679561615
writing: 2.3655803203582764
reading: 0.2391035556793213
data_fitting: 153.85168075561523
flux_point: 43.14135479927063
