n_obs: 10
data_preparation: 28.523839950561523
writing: 2.0330862998962402
reading: 0.2024245262145996
data_fitting: 123.42975044250488
flux_point: 35.40336990356445
