n_obs: 10
data_preparation: 42.00817275047302
writing: 2.6860485076904297
reading: 0.29319095611572266
data_fitting: 160.8767328262329
flux_point: 41.45299315452576
