n_obs: 10
data_preparation: 37.62240958213806
writing: 2.170536756515503
reading: 2.5409464836120605
data_fitting: 146.27073335647583
flux_point: 36.889683961868286
