n_obs: 10
data_preparation: 39.58397626876831
writing: 2.3321075439453125
reading: 3.197617530822754
data_fitting: 161.73749661445618
flux_point: 44.21487236022949
