n_obs: 10
data_preparation: 43.89448523521423
writing: 2.694725275039673
reading: 3.54811954498291
data_fitting: 168.98164796829224
flux_point: 47.11305499076843
