n_obs: 10
data_preparation: 47.643061876297
writing: 2.8470351696014404
reading: 3.8017616271972656
data_fitting: 194.56176090240479
flux_point: 50.42818021774292
