n_obs: 10
data_preparation: 37.000011682510376
writing: 2.0890369415283203
reading: 2.8772835731506348
data_fitting: 152.23822212219238
flux_point: 35.889567852020264
