n_obs: 10
data_preparation: 36.353071451187134
writing: 2.0483243465423584
reading: 2.36759090423584
data_fitting: 147.88896799087524
flux_point: 35.06059217453003
