n_obs: 10
data_preparation: 32.81661939620972
writing: 2.1144092082977295
reading: 0.2063767910003662
data_fitting: 147.19117856025696
flux_point: 39.257325887680054
