n_obs: 10
data_preparation: 36.915642738342285
writing: 2.097984552383423
reading: 2.9230830669403076
data_fitting: 150.16451811790466
flux_point: 37.06062912940979
