n_obs: 10
data_preparation: 36.70280981063843
writing: 2.107128620147705
reading: 0.20535755157470703
data_fitting: 137.43084454536438
flux_point: 31.880720138549805
