n_obs: 10
data_preparation: 32.57962441444397
writing: 2.197993755340576
reading: 0.22748875617980957
data_fitting: 145.83633971214294
flux_point: 40.65836548805237
