n_obs: 10
data_preparation: 38.60890221595764
writing: 2.233433246612549
reading: 3.024411678314209
data_fitting: 157.29993891716003
flux_point: 38.820470333099365
