n_obs: 10
data_preparation: 34.43214964866638
writing: 2.391850233078003
reading: 0.24288010597229004
data_fitting: 154.67450070381165
flux_point: 43.11402630805969
