n_obs: 10
data_preparation: 40.35584378242493
writing: 2.411992073059082
reading: 3.2845091819763184
data_fitting: 172.92802000045776
flux_point: 43.63108849525452
