n_obs: 10
data_preparation: 38.79960560798645
writing: 2.3896853923797607
reading: 0.24176502227783203
data_fitting: 147.05643963813782
flux_point: 37.273136377334595
