n_obs: 10
data_preparation: 37.741313457489014
writing: 2.200789451599121
reading: 2.926600933074951
data_fitting: 150.58284997940063
flux_point: 37.90130257606506
