n_obs: 10
data_preparation: 32.79930591583252
writing: 1.8906593322753906
reading: 0.18373656272888184
data_fitting: 138.8867175579071
flux_point: 39.60843229293823
