n_obs: 10
data_preparation: 38.70906853675842
writing: 2.1017050743103027
reading: 0.20580697059631348
data_fitting: 143.68794465065002
flux_point: 32.32647490501404
