n_obs: 10
data_preparation: 37.445719957351685
writing: 2.232574462890625
reading: 0.22445988655090332
data_fitting: 149.8711986541748
flux_point: 44.22997570037842
