n_obs: 10
data_preparation: 37.55073142051697
writing: 2.0515615940093994
reading: 2.902611255645752
data_fitting: 153.25363326072693
flux_point: 36.40549087524414
