n_obs: 10
data_preparation: 40.33604288101196
writing: 2.306971549987793
reading: 3.1523525714874268
data_fitting: 162.90524005889893
flux_point: 40.24433612823486
