n_obs: 10
data_preparation: 43.066336154937744
writing: 2.6804964542388916
reading: 3.6494076251983643
data_fitting: 187.75202012062073
flux_point: 48.99220609664917
