n_obs: 10
data_preparation: 25.184146642684937
writing: 1.99324631690979
reading: 2.1049537658691406
data_fitting: 239.93519282341003
flux_point: 57.58047699928284
