n_obs: 10
data_preparation: 38.10392618179321
writing: 2.1871066093444824
reading: 3.0786948204040527
data_fitting: 159.09534764289856
flux_point: 39.90331530570984
