n_obs: 10
data_preparation: 34.400824546813965
writing: 2.4089462757110596
reading: 0.24437689781188965
data_fitting: 158.75354981422424
flux_point: 45.44260096549988
