n_obs: 10
data_preparation: 40.329025983810425
writing: 2.373136281967163
reading: 3.2902042865753174
data_fitting: 170.11896753311157
flux_point: 42.86729717254639
