n_obs: 10
data_preparation: 39.73939228057861
writing: 2.327866315841675
reading: 3.2225184440612793
data_fitting: 164.19194102287292
flux_point: 40.76226782798767
