n_obs: 10
data_preparation: 38.87188196182251
writing: 2.1668288707733154
reading: 0.20987534523010254
data_fitting: 151.15539574623108
flux_point: 41.18789076805115
