n_obs: 10
data_preparation: 33.27782082557678
writing: 2.0509777069091797
reading: 0.20289134979248047
data_fitting: 123.78572082519531
flux_point: 30.859874486923218
