n_obs: 10
data_preparation: 36.59728217124939
writing: 1.9453270435333252
reading: 0.18468976020812988
data_fitting: 142.08175206184387
flux_point: 36.748027324676514
