n_obs: 10
data_preparation: 8.858524322509766
writing: 2.3609986305236816
reading: 2.547370195388794
data_fitting: 2.708242893218994
flux_point: 83.34572792053223
