n_obs: 10
data_preparation: 7.559190034866333
writing: 1.8163261413574219
reading: 2.263643264770508
data_fitting: 2.1870410442352295
flux_point: 69.5402843952179
