n_obs: 10
data_preparation: 6.652449131011963
writing: 1.5770289897918701
reading: 1.88340163230896
data_fitting: 2.0389297008514404
flux_point: 60.60922813415527
