n_obs: 10
data_preparation: 9.045428037643433
writing: 2.1968612670898438
reading: 2.6211092472076416
data_fitting: 2.7910194396972656
flux_point: 87.47709155082703
