n_obs: 10
data_preparation: 7.374717712402344
writing: 1.7107570171356201
reading: 1.9462060928344727
data_fitting: 1.9641671180725098
flux_point: 61.09311532974243
