n_obs: 10
data_preparation: 5.963929653167725
writing: 1.3815984725952148
reading: 1.619314432144165
data_fitting: 1.6375446319580078
flux_point: 50.82748603820801
