n_obs: 10
data_preparation: 6.326955556869507
writing: 1.5450410842895508
reading: 1.7983174324035645
data_fitting: 1.8331410884857178
flux_point: 59.18826150894165
