n_obs: 10
data_preparation: 6.205956697463989
writing: 1.5271587371826172
reading: 1.7787199020385742
data_fitting: 1.8108441829681396
flux_point: 57.34707045555115
