n_obs: 10
data_preparation: 6.7814109325408936
writing: 1.567741870880127
reading: 1.8293135166168213
data_fitting: 1.8153266906738281
flux_point: 56.505428314208984
