n_obs: 10
data_preparation: 6.918036222457886
writing: 1.7726664543151855
reading: 2.0968058109283447
data_fitting: 2.394186019897461
flux_point: 76.1219310760498
