n_obs: 10
data_preparation: 6.338106155395508
writing: 1.5456109046936035
reading: 1.8226993083953857
data_fitting: 1.7901933193206787
flux_point: 56.89664602279663
