n_obs: 10
data_preparation: 6.487452745437622
writing: 1.5127172470092773
reading: 1.7673494815826416
data_fitting: 1.8183352947235107
flux_point: 56.51213312149048
