n_obs: 10
data_preparation: 6.486213207244873
writing: 1.5448579788208008
reading: 1.8019473552703857
data_fitting: 1.81174635887146
flux_point: 57.662535429000854
