n_obs: 10
data_preparation: 7.976440906524658
writing: 2.04162859916687
reading: 2.384824752807617
data_fitting: 2.5153400897979736
flux_point: 79.44315433502197
