n_obs: 10
data_preparation: 8.203213453292847
writing: 2.0972061157226562
reading: 2.4660274982452393
data_fitting: 2.7644989490509033
flux_point: 86.19459056854248
