n_obs: 10
data_preparation: 7.023632764816284
writing: 1.5730767250061035
reading: 1.829770565032959
data_fitting: 1.8341026306152344
flux_point: 62.11261796951294
