n_obs: 10
data_preparation: 7.921725273132324
writing: 1.845823049545288
reading: 2.1226067543029785
data_fitting: 2.1563589572906494
flux_point: 67.28752422332764
