n_obs: 10
data_preparation: 6.29882025718689
writing: 1.5431604385375977
reading: 1.7935631275177002
data_fitting: 1.8201253414154053
flux_point: 58.671568393707275
