n_obs: 10
data_preparation: 6.281751871109009
writing: 1.6655418872833252
reading: 1.9122710227966309
data_fitting: 1.9507617950439453
flux_point: 60.43022084236145
