n_obs: 10
data_preparation: 6.814001083374023
writing: 1.472273826599121
reading: 1.8872134685516357
data_fitting: 1.9341018199920654
flux_point: 61.27135753631592
