n_obs: 10
data_preparation: 7.877089977264404
writing: 1.8221397399902344
reading: 2.123368501663208
data_fitting: 2.1397857666015625
flux_point: 66.65064573287964
