n_obs: 10
data_preparation: 8.375019550323486
writing: 2.056232213973999
reading: 2.366746187210083
data_fitting: 2.5890157222747803
flux_point: 81.5183002948761
