n_obs: 10
data_preparation: 8.21602201461792
writing: 1.9652972221374512
reading: 2.353588819503784
data_fitting: 2.415257453918457
flux_point: 74.9436445236206
