n_obs: 10
data_preparation: 6.212411403656006
writing: 1.5066521167755127
reading: 1.7525126934051514
data_fitting: 1.7897541522979736
flux_point: 57.43605089187622
