n_obs: 10
data_preparation: 6.237557411193848
writing: 1.5172698497772217
reading: 1.797886848449707
data_fitting: 1.8176052570343018
flux_point: 57.86743187904358
