n_obs: 10
data_preparation: 7.774006605148315
writing: 1.8673450946807861
reading: 2.1900391578674316
data_fitting: 2.1925911903381348
flux_point: 70.20292639732361
