n_obs: 10
data_preparation: 8.437731742858887
writing: 2.055757761001587
reading: 2.4597933292388916
data_fitting: 2.5346250534057617
flux_point: 79.35939621925354
