n_obs: 10
data_preparation: 8.535626649856567
writing: 2.098539113998413
reading: 2.539628505706787
data_fitting: 2.6588451862335205
flux_point: 82.57364082336426
