n_obs: 10
data_preparation: 7.459850072860718
writing: 1.8211514949798584
reading: 2.1208784580230713
data_fitting: 2.130317449569702
flux_point: 66.4967451095581
