n_obs: 10
data_preparation: 5.843769073486328
writing: 1.60536789894104
reading: 1.9899744987487793
data_fitting: 1.2274556159973145
flux_point: 15.541561365127563
