n_obs: 10
data_preparation: 6.911517143249512
writing: 1.6016294956207275
reading: 1.915198564529419
data_fitting: 1.9330260753631592
flux_point: 61.5799560546875
