n_obs: 10
data_preparation: 6.069794178009033
writing: 1.6794898509979248
reading: 1.9906392097473145
data_fitting: 1.6105389595031738
flux_point: 19.88456439971924
