n_obs: 10
data_preparation: 8.311120748519897
writing: 2.1374199390411377
reading: 2.5266926288604736
data_fitting: 2.6194241046905518
flux_point: 82.67094206809998
