n_obs: 10
data_preparation: 7.381977796554565
writing: 1.8683350086212158
reading: 2.197021245956421
data_fitting: 2.0772030353546143
flux_point: 66.12878942489624
