n_obs: 10
data_preparation: 6.627045154571533
writing: 1.984619140625
reading: 2.367950201034546
data_fitting: 1.6817593574523926
flux_point: 21.07066535949707
