n_obs: 10
data_preparation: 6.364097356796265
writing: 1.3773446083068848
reading: 1.616469144821167
data_fitting: 1.650974988937378
flux_point: 52.30552792549133
