n_obs: 10
data_preparation: 7.247011661529541
writing: 1.7631759643554688
reading: 2.081604480743408
data_fitting: 2.0682549476623535
flux_point: 65.43138718605042
