n_obs: 10
data_preparation: 7.372334003448486
writing: 1.7727761268615723
reading: 2.0777881145477295
data_fitting: 2.069060802459717
flux_point: 65.08989596366882
