n_obs: 10
data_preparation: 7.463839292526245
writing: 1.6844141483306885
reading: 1.9578633308410645
data_fitting: 1.9845411777496338
flux_point: 63.16998648643494
