n_obs: 10
data_preparation: 7.982908010482788
writing: 2.0413804054260254
reading: 2.403914451599121
data_fitting: 2.447920560836792
flux_point: 76.35343098640442
