n_obs: 10
data_preparation: 7.4304423332214355
writing: 1.7852997779846191
reading: 2.0890920162200928
data_fitting: 2.1100358963012695
flux_point: 66.93863797187805
