n_obs: 10
data_preparation: 6.6145546436309814
writing: 1.540881872177124
reading: 1.770383596420288
data_fitting: 1.7968406677246094
flux_point: 55.87169599533081
