n_obs: 10
data_preparation: 7.603481292724609
writing: 1.8427493572235107
reading: 2.1627273559570312
data_fitting: 2.1324820518493652
flux_point: 68.28531384468079
