n_obs: 10
data_preparation: 7.456661939620972
writing: 1.7615890502929688
reading: 2.0671396255493164
data_fitting: 2.0637385845184326
flux_point: 65.50086736679077
