n_obs: 10
data_preparation: 7.072403192520142
writing: 1.698622703552246
reading: 2.0007247924804688
data_fitting: 2.0314433574676514
flux_point: 64.83576083183289
