n_obs: 10
data_preparation: 6.042379140853882
writing: 1.3784832954406738
reading: 1.6258065700531006
data_fitting: 1.7200210094451904
flux_point: 53.18890452384949
