n_obs: 10
data_preparation: 7.18939471244812
writing: 1.7025361061096191
reading: 1.9655463695526123
data_fitting: 1.9930264949798584
flux_point: 62.15978002548218
