n_obs: 10
data_preparation: 42.17496705055237
writing: 0.18675589561462402
reading: 0.20108723640441895
data_fitting: 2.857814311981201
flux_point: 2.274590253829956
