n_obs: 10
data_preparation: 17.820765256881714
writing: 0.19650650024414062
reading: 0.14642786979675293
data_fitting: 4.432938575744629
flux_point: 2.9598662853240967
