n_obs: 10
data_preparation: 43.45385456085205
writing: 0.2170257568359375
reading: 0.060033559799194336
data_fitting: 3.676290988922119
flux_point: 3.081652879714966
