n_obs: 10
data_preparation: 44.71759533882141
writing: 0.19997024536132812
reading: 0.22754549980163574
data_fitting: 3.1636393070220947
flux_point: 2.5249106884002686
