n_obs: 10
data_preparation: 39.421130657196045
writing: 0.2508518695831299
reading: 0.05281662940979004
data_fitting: 3.3504397869110107
flux_point: 2.76615834236145
