n_obs: 10
data_preparation: 51.888914585113525
writing: 0.24948430061340332
reading: 0.28761792182922363
data_fitting: 4.014566659927368
flux_point: 3.2741336822509766
