n_obs: 10
data_preparation: 46.865097761154175
writing: 0.25096917152404785
reading: 0.28663063049316406
data_fitting: 3.810943603515625
flux_point: 3.026031732559204
