n_obs: 10
data_preparation: 42.05700325965881
writing: 0.15797996520996094
reading: 0.040848731994628906
data_fitting: 2.6668472290039062
flux_point: 2.247704267501831
