n_obs: 10
data_preparation: 38.31009268760681
writing: 0.24594593048095703
reading: 0.05313611030578613
data_fitting: 3.3265929222106934
flux_point: 2.6998131275177
