n_obs: 10
data_preparation: 43.2745680809021
writing: 0.1697077751159668
reading: 0.2057504653930664
data_fitting: 2.802198886871338
flux_point: 2.397831678390503
