n_obs: 10
data_preparation: 45.56969881057739
writing: 0.1975710391998291
reading: 0.2296304702758789
data_fitting: 3.272463798522949
flux_point: 2.577660322189331
