n_obs: 10
data_preparation: 15.270422220230103
writing: 0.19724655151367188
reading: 0.12841176986694336
data_fitting: 6.295299291610718
flux_point: 4.266329765319824
