n_obs: 10
data_preparation: 51.217655181884766
writing: 0.24782776832580566
reading: 0.2777864933013916
data_fitting: 3.8955671787261963
flux_point: 3.1647849082946777
