n_obs: 10
data_preparation: 39.436312437057495
writing: 0.25267529487609863
reading: 0.05461740493774414
data_fitting: 3.575071334838867
flux_point: 2.852773427963257
