n_obs: 10
data_preparation: 41.31902837753296
writing: 0.1723489761352539
reading: 0.19812917709350586
data_fitting: 2.7678699493408203
flux_point: 2.1983237266540527
