n_obs: 10
data_preparation: 39.87945485115051
writing: 0.17438673973083496
reading: 0.045079708099365234
data_fitting: 2.8005568981170654
flux_point: 2.0695552825927734
