n_obs: 10
data_preparation: 45.04294013977051
writing: 0.199371337890625
reading: 0.05219149589538574
data_fitting: 3.2535154819488525
flux_point: 2.4006474018096924
