n_obs: 10
data_preparation: 45.23044300079346
writing: 0.19797849655151367
reading: 0.23139619827270508
data_fitting: 3.3825089931488037
flux_point: 2.610769748687744
