n_obs: 10
data_preparation: 49.13646388053894
writing: 0.2349863052368164
reading: 0.26633739471435547
data_fitting: 3.637638568878174
flux_point: 3.09845232963562
