n_obs: 10
data_preparation: 44.81598258018494
writing: 0.1778554916381836
reading: 0.046137332916259766
data_fitting: 3.008371591567993
flux_point: 2.4404451847076416
