n_obs: 10
data_preparation: 49.0048508644104
writing: 0.23711609840393066
reading: 0.2835500240325928
data_fitting: 3.8164632320404053
flux_point: 3.16707181930542
