n_obs: 10
data_preparation: 45.02505373954773
writing: 0.2081165313720703
reading: 0.05567669868469238
data_fitting: 3.5263922214508057
flux_point: 2.912973403930664
