n_obs: 10
data_preparation: 41.98404908180237
writing: 0.17041301727294922
reading: 0.19596004486083984
data_fitting: 2.644552230834961
flux_point: 2.1642813682556152
