n_obs: 10
data_preparation: 38.91774845123291
writing: 0.17113876342773438
reading: 0.04431939125061035
data_fitting: 2.6768922805786133
flux_point: 2.0479092597961426
