n_obs: 10
data_preparation: 43.29962682723999
writing: 0.1829984188079834
reading: 0.16901683807373047
data_fitting: 2.8695363998413086
flux_point: 2.3541367053985596
