n_obs: 10
data_preparation: 41.607348680496216
writing: 0.17116928100585938
reading: 0.0404973030090332
data_fitting: 2.5894477367401123
flux_point: 2.1793110370635986
