n_obs: 10
data_preparation: 42.646692752838135
writing: 0.18119192123413086
reading: 0.047576189041137695
data_fitting: 2.94049334526062
flux_point: 2.182443618774414
