n_obs: 10
data_preparation: 49.176496267318726
writing: 0.23917007446289062
reading: 0.06287932395935059
data_fitting: 3.687626838684082
flux_point: 2.950403928756714
