n_obs: 10
data_preparation: 46.26474404335022
writing: 0.22809410095214844
reading: 0.2600250244140625
data_fitting: 3.662445306777954
flux_point: 2.973755359649658
