n_obs: 10
data_preparation: 45.14530849456787
writing: 0.19350385665893555
reading: 0.055355072021484375
data_fitting: 3.1685972213745117
flux_point: 2.297780990600586
