n_obs: 10
data_preparation: 32.96984386444092
writing: 0.171433687210083
reading: 0.04419708251953125
data_fitting: 2.7954177856445312
flux_point: 2.3380298614501953
