n_obs: 10
data_preparation: 45.650182485580444
writing: 0.20119905471801758
reading: 0.05267000198364258
data_fitting: 3.3294339179992676
flux_point: 2.4443249702453613
