n_obs: 10
data_preparation: 43.232664346694946
writing: 0.18979406356811523
reading: 0.2156357765197754
data_fitting: 2.9963834285736084
flux_point: 2.38873028755188
