n_obs: 10
data_preparation: 42.34080910682678
writing: 0.1748039722442627
reading: 0.045282602310180664
data_fitting: 2.7276971340179443
flux_point: 2.0703017711639404
