n_obs: 10
data_preparation: 16.3647358417511
writing: 0.1649935245513916
reading: 0.12361931800842285
data_fitting: 3.922132730484009
flux_point: 2.362926721572876
