n_obs: 10
data_preparation: 43.30791091918945
writing: 0.18920445442199707
reading: 0.21650099754333496
data_fitting: 2.971627712249756
flux_point: 2.4159700870513916
