n_obs: 10
data_preparation: 38.2815945148468
writing: 0.18657827377319336
reading: 0.0508575439453125
data_fitting: 3.1758344173431396
flux_point: 2.554178476333618
