n_obs: 10
data_preparation: 40.79166793823242
writing: 0.1694350242614746
reading: 0.15244793891906738
data_fitting: 2.6554579734802246
flux_point: 2.1387815475463867
