n_obs: 10
data_preparation: 43.97862672805786
writing: 0.1756150722503662
reading: 0.04564046859741211
data_fitting: 2.8040034770965576
flux_point: 2.05981707572937
