n_obs: 10
data_preparation: 49.597238302230835
writing: 0.20797395706176758
reading: 0.224884033203125
data_fitting: 3.5733892917633057
flux_point: 3.0204851627349854
