n_obs: 10
data_preparation: 37.19026184082031
writing: 0.22342324256896973
reading: 0.04693460464477539
data_fitting: 2.8688888549804688
flux_point: 2.386775255203247
