n_obs: 10
data_preparation: 42.75547647476196
writing: 0.18175053596496582
reading: 0.2092902660369873
data_fitting: 2.8392560482025146
flux_point: 2.3081674575805664
