n_obs: 10
data_preparation: 45.854506492614746
writing: 0.20506978034973145
reading: 0.24079680442810059
data_fitting: 3.3289387226104736
flux_point: 2.6655359268188477
