n_obs: 10
data_preparation: 45.02770757675171
writing: 0.21373772621154785
reading: 0.2310805320739746
data_fitting: 3.4944534301757812
flux_point: 2.817016124725342
