n_obs: 10
data_preparation: 52.23458647727966
writing: 0.25466489791870117
reading: 0.3028097152709961
data_fitting: 4.163976430892944
flux_point: 3.316664457321167
