n_obs: 10
data_preparation: 41.80125117301941
writing: 0.17231059074401855
reading: 0.20112276077270508
data_fitting: 2.9135472774505615
flux_point: 2.232247829437256
