n_obs: 10
data_preparation: 43.88173460960388
writing: 0.19392704963684082
reading: 0.22457170486450195
data_fitting: 3.105504274368286
flux_point: 2.4939205646514893
