data_preparation: 16.982239246368408
run_asmooth: 1.1455230712890625
compute_correlations: 189.12914943695068
compute_ExcessProfileEstimator: 188.6746072769165
