data_preparation: 18.161808967590332
run_asmooth: 1.221904993057251
compute_correlations: 198.78889346122742
compute_ExcessProfileEstimator: 195.18415904045105
