data_preparation: 20.151419639587402
run_asmooth: 1.5655367374420166
compute_correlations: 238.8784487247467
compute_ExcessProfileEstimator: 239.23077630996704
