data_preparation: 18.714521884918213
run_asmooth: 1.2627832889556885
compute_correlations: 210.112370967865
compute_ExcessProfileEstimator: 208.85205721855164
