data_preparation: 19.58553433418274
run_asmooth: 1.4826006889343262
compute_correlations: 246.22686982154846
compute_ExcessProfileEstimator: 246.5968849658966
