data_preparation: 18.664216995239258
run_asmooth: 1.2684171199798584
compute_correlations: 209.95973658561707
compute_ExcessProfileEstimator: 210.20051264762878
