data_preparation: 17.560543537139893
run_asmooth: 1.1783928871154785
compute_correlations: 196.90555810928345
compute_ExcessProfileEstimator: 195.68720531463623
