data_preparation: 16.282100677490234
run_asmooth: 1.1095025539398193
compute_correlations: 181.27849793434143
compute_ExcessProfileEstimator: 181.9551157951355
