data_preparation: 14.82229471206665
run_asmooth: 1.0322375297546387
compute_correlations: 161.85129499435425
compute_ExcessProfileEstimator: 161.72033143043518
