data_preparation: 17.016830444335938
run_asmooth: 1.1164665222167969
compute_correlations: 187.94987750053406
compute_ExcessProfileEstimator: 187.537535905838
