data_preparation: 17.32703447341919
run_asmooth: 1.1528122425079346
compute_correlations: 190.94873142242432
compute_ExcessProfileEstimator: 191.65119671821594
