data_preparation: 15.354150533676147
run_asmooth: 1.0411689281463623
compute_correlations: 175.5392243862152
compute_ExcessProfileEstimator: 175.99233770370483
