data_preparation: 18.95419692993164
run_asmooth: 1.2742879390716553
compute_correlations: 208.62765073776245
compute_ExcessProfileEstimator: 211.26652002334595
