data_preparation: 17.792498350143433
run_asmooth: 1.2128605842590332
compute_correlations: 196.49984645843506
compute_ExcessProfileEstimator: 190.45406794548035
