data_preparation: 15.97593379020691
run_asmooth: 1.083674669265747
compute_correlations: 175.77627873420715
compute_ExcessProfileEstimator: 176.51413011550903
