data_preparation: 20.90218448638916
run_asmooth: 1.5522518157958984
compute_correlations: 251.40694332122803
compute_ExcessProfileEstimator: 249.8518044948578
