data_preparation: 16.878939628601074
run_asmooth: 1.147350549697876
compute_correlations: 180.89930272102356
compute_ExcessProfileEstimator: 181.59245109558105
