data_preparation: 16.101659536361694
run_asmooth: 1.0837056636810303
compute_correlations: 177.61111879348755
compute_ExcessProfileEstimator: 177.76804423332214
