data_preparation: 19.321964025497437
run_asmooth: 1.4510490894317627
compute_correlations: 244.11295557022095
compute_ExcessProfileEstimator: 244.2427957057953
