data_preparation: 19.509204864501953
run_asmooth: 1.312586784362793
compute_correlations: 217.98398542404175
compute_ExcessProfileEstimator: 217.83593106269836
