data_preparation: 16.26235604286194
run_asmooth: 1.1143028736114502
compute_correlations: 186.08553218841553
compute_ExcessProfileEstimator: 185.61889505386353
