data_preparation: 18.50206732749939
run_asmooth: 1.256807804107666
compute_correlations: 206.73594999313354
compute_ExcessProfileEstimator: 206.1651463508606
