data_preparation: 15.874420166015625
run_asmooth: 1.0686802864074707
compute_correlations: 178.98136591911316
compute_ExcessProfileEstimator: 179.03794384002686
