data_preparation: 19.078941583633423
run_asmooth: 1.2832207679748535
compute_correlations: 210.14446425437927
compute_ExcessProfileEstimator: 211.16461372375488
