data_preparation: 18.402397632598877
run_asmooth: 1.2258739471435547
compute_correlations: 196.0187861919403
compute_ExcessProfileEstimator: 200.6060552597046
