data_preparation: 17.047313690185547
run_asmooth: 1.1332764625549316
compute_correlations: 181.03069376945496
compute_ExcessProfileEstimator: 181.95010590553284
