data_preparation: 15.690451622009277
run_asmooth: 1.0581490993499756
compute_correlations: 177.39445090293884
compute_ExcessProfileEstimator: 177.08445286750793
