data_preparation: 18.887190103530884
run_asmooth: 1.2914974689483643
compute_correlations: 209.56852459907532
compute_ExcessProfileEstimator: 210.04454803466797
