data_preparation: 19.507031440734863
run_asmooth: 1.5674057006835938
compute_correlations: 248.92476105690002
compute_ExcessProfileEstimator: 239.35374855995178
