data_preparation: 15.939677238464355
run_asmooth: 1.062814712524414
compute_correlations: 176.99479842185974
compute_ExcessProfileEstimator: 177.12418007850647
