data_preparation: 19.346606254577637
run_asmooth: 1.5240657329559326
compute_correlations: 253.07320261001587
compute_ExcessProfileEstimator: 251.80571389198303
