data_preparation: 18.428622484207153
run_asmooth: 1.4357469081878662
compute_correlations: 235.29099988937378
compute_ExcessProfileEstimator: 234.7709996700287
