data_preparation: 18.547348499298096
run_asmooth: 1.417456865310669
compute_correlations: 221.7049596309662
compute_ExcessProfileEstimator: 224.1458456516266
