data_preparation: 20.261997938156128
run_asmooth: 1.4735298156738281
compute_correlations: 246.2094850540161
compute_ExcessProfileEstimator: 248.81402802467346
