data_preparation: 19.169763803482056
run_asmooth: 1.2732641696929932
compute_correlations: 206.1356725692749
compute_ExcessProfileEstimator: 206.67026162147522
