data_preparation: 16.530604600906372
run_asmooth: 1.1393885612487793
compute_correlations: 181.24574613571167
compute_ExcessProfileEstimator: 181.41790556907654
