data_preparation: 16.49343228340149
run_asmooth: 1.1144211292266846
compute_correlations: 174.77622628211975
compute_ExcessProfileEstimator: 175.4433937072754
