data_preparation: 19.165831327438354
run_asmooth: 1.622818946838379
compute_correlations: 240.0161259174347
compute_ExcessProfileEstimator: 239.48256421089172
