data_preparation: 17.340314626693726
run_asmooth: 1.1812307834625244
compute_correlations: 193.6238842010498
compute_ExcessProfileEstimator: 192.97058820724487
