data_preparation: 17.706660985946655
run_asmooth: 1.220921277999878
compute_correlations: 205.68324947357178
compute_ExcessProfileEstimator: 206.47270131111145
