data_preparation: 17.753069162368774
run_asmooth: 1.1959352493286133
compute_correlations: 198.36484837532043
compute_ExcessProfileEstimator: 198.5133502483368
