data_preparation: 18.43511152267456
run_asmooth: 1.3548250198364258
compute_correlations: 227.77777123451233
compute_ExcessProfileEstimator: 229.1366469860077
