data_preparation: 19.633866548538208
run_asmooth: 1.3096141815185547
compute_correlations: 227.37693548202515
compute_ExcessProfileEstimator: 226.7583408355713
