data_preparation: 17.593831539154053
run_asmooth: 1.19545578956604
compute_correlations: 173.13131141662598
compute_ExcessProfileEstimator: 173.58144307136536
