n_obs: 10
data_loading: 0.03766775131225586
filling: 0.8423545360565186
writing: 0.20720553398132324
