n_obs: 10
data_loading: 0.04824542999267578
filling: 0.9977178573608398
writing: 0.22807669639587402
