n_obs: 10
data_loading: 0.037809133529663086
filling: 0.8789756298065186
writing: 0.20928168296813965
