n_obs: 10
data_loading: 0.03760671615600586
filling: 0.8341231346130371
writing: 0.20909810066223145
