n_obs: 10
data_loading: 0.04361438751220703
filling: 0.9440319538116455
writing: 0.2510054111480713
