n_obs: 10
data_loading: 0.03709673881530762
filling: 0.849822998046875
writing: 0.21346449851989746
