n_obs: 10
data_loading: 0.04175829887390137
filling: 0.9054906368255615
writing: 0.24323511123657227
