n_obs: 10
data_loading: 0.04106473922729492
filling: 0.8965620994567871
writing: 0.2436680793762207
