n_obs: 10
data_loading: 0.042858123779296875
filling: 0.9040360450744629
writing: 0.23780274391174316
