n_obs: 10
data_loading: 0.03661799430847168
filling: 0.7836546897888184
writing: 0.2056875228881836
