n_obs: 10
data_loading: 0.05043435096740723
filling: 1.0055582523345947
writing: 0.20937180519104004
