n_obs: 10
data_loading: 0.04095745086669922
filling: 0.8931057453155518
writing: 0.23223590850830078
