n_obs: 10
data_loading: 0.0397183895111084
filling: 0.8705401420593262
writing: 0.2276630401611328
