n_obs: 10
data_loading: 0.05138587951660156
filling: 1.0132904052734375
writing: 0.2113964557647705
