n_obs: 10
data_loading: 0.037251949310302734
filling: 0.848515510559082
writing: 0.20995521545410156
