n_obs: 10
data_loading: 0.042647361755371094
filling: 0.9420871734619141
writing: 0.23075222969055176
