n_obs: 10
data_loading: 0.03719472885131836
filling: 0.8226497173309326
writing: 0.20915484428405762
