n_obs: 10
data_loading: 0.03851771354675293
filling: 0.8699173927307129
writing: 0.22525835037231445
