n_obs: 10
data_loading: 0.04360365867614746
filling: 0.9255802631378174
writing: 0.24476385116577148
