n_obs: 10
data_loading: 0.04764389991760254
filling: 1.0198009014129639
writing: 0.19991540908813477
