n_obs: 10
data_loading: 0.03715991973876953
filling: 0.8318877220153809
writing: 0.2072744369506836
