n_obs: 10
data_loading: 0.04304695129394531
filling: 0.927194356918335
writing: 0.243821382522583
