n_obs: 10
data_loading: 0.03917884826660156
filling: 0.8855733871459961
writing: 0.23060822486877441
