n_obs: 10
data_loading: 0.0595242977142334
filling: 1.0123012065887451
writing: 0.18878722190856934
