n_obs: 10
data_loading: 0.04344296455383301
filling: 0.9305932521820068
writing: 0.24641633033752441
