n_obs: 10
data_loading: 0.042299747467041016
filling: 0.9015417098999023
writing: 0.2447211742401123
