n_obs: 10
data_loading: 0.04795551300048828
filling: 0.9845075607299805
writing: 0.20296335220336914
