n_obs: 10
data_loading: 0.03695392608642578
filling: 0.8708946704864502
writing: 0.20983624458312988
