n_obs: 10
data_loading: 0.0387425422668457
filling: 0.8767740726470947
writing: 0.23245954513549805
