n_obs: 10
data_loading: 0.0466310977935791
filling: 0.9084224700927734
writing: 0.23269438743591309
