n_obs: 10
data_loading: 0.03705787658691406
filling: 0.7989342212677002
writing: 0.20608091354370117
