n_obs: 10
data_loading: 0.04381537437438965
filling: 0.9223501682281494
writing: 0.24545621871948242
