n_obs: 10
data_loading: 0.05314493179321289
filling: 1.0776546001434326
writing: 0.2352595329284668
