n_obs: 10
data_loading: 0.050336599349975586
filling: 1.0147905349731445
writing: 0.20781373977661133
