n_obs: 10
data_loading: 0.03827500343322754
filling: 0.882786750793457
writing: 0.22400951385498047
