n_obs: 10
data_loading: 0.04385113716125488
filling: 0.940577507019043
writing: 0.25838136672973633
