n_obs: 10
data_loading: 0.042897939682006836
filling: 0.928776741027832
writing: 0.24858546257019043
