n_obs: 10
data_loading: 0.04284334182739258
filling: 0.9344589710235596
writing: 0.24574971199035645
