n_obs: 10
data_loading: 0.044005632400512695
filling: 0.9376633167266846
writing: 0.24762296676635742
