n_obs: 10
data_loading: 0.03728914260864258
filling: 0.8385696411132812
writing: 0.20932269096374512
