n_obs: 10
data_loading: 0.03775954246520996
filling: 0.8319857120513916
writing: 0.20911693572998047
