n_obs: 10
data_loading: 0.04931950569152832
filling: 0.9724233150482178
writing: 0.24954819679260254
