n_obs: 10
data_loading: 0.0472257137298584
filling: 0.8888535499572754
writing: 0.20078063011169434
