n_obs: 10
data_loading: 0.03765583038330078
filling: 0.8450849056243896
writing: 0.20894193649291992
