n_obs: 10
data_loading: 0.052376747131347656
filling: 1.029447078704834
writing: 0.22949957847595215
