n_obs: 10
data_loading: 0.037369489669799805
filling: 0.8164446353912354
writing: 0.20738434791564941
