n_obs: 10
data_loading: 0.04506397247314453
filling: 0.8822948932647705
writing: 0.17284154891967773
