data_preparation: 0.2674431800842285
run_asmooth: 1.5678279399871826
TSmap_estimator: 68.10050988197327
