data_preparation: 0.22833943367004395
run_asmooth: 1.2045369148254395
TSmap_estimator: 41.53154635429382
