data_preparation: 0.2437610626220703
run_asmooth: 1.2361583709716797
TSmap_estimator: 47.219682455062866
