data_preparation: 0.2559244632720947
run_asmooth: 1.6050984859466553
TSmap_estimator: 64.51845264434814
