data_preparation: 0.2682521343231201
run_asmooth: 1.255779504776001
TSmap_estimator: 48.638004541397095
