data_preparation: 0.2680654525756836
run_asmooth: 1.398674488067627
TSmap_estimator: 50.1708345413208
