data_preparation: 0.22387266159057617
run_asmooth: 1.18666672706604
TSmap_estimator: 41.88638925552368
