data_preparation: 0.27172327041625977
run_asmooth: 1.3859961032867432
TSmap_estimator: 49.935681104660034
