data_preparation: 0.258756160736084
run_asmooth: 1.250028133392334
TSmap_estimator: 45.30468201637268
