data_preparation: 0.22576284408569336
run_asmooth: 1.1702144145965576
TSmap_estimator: 41.109458923339844
