data_preparation: 0.2554771900177002
run_asmooth: 1.2800755500793457
TSmap_estimator: 46.681618452072144
