data_preparation: 0.2572793960571289
run_asmooth: 1.3069956302642822
TSmap_estimator: 45.74235510826111
