data_preparation: 0.2664217948913574
run_asmooth: 1.348844051361084
TSmap_estimator: 49.564058780670166
