data_preparation: 0.2680518627166748
run_asmooth: 1.382399320602417
TSmap_estimator: 49.22292184829712
