data_preparation: 0.26682281494140625
run_asmooth: 1.3558948040008545
TSmap_estimator: 49.004836559295654
