data_preparation: 0.26544809341430664
run_asmooth: 1.3448021411895752
TSmap_estimator: 49.82827544212341
