data_preparation: 0.26918888092041016
run_asmooth: 1.5579063892364502
TSmap_estimator: 52.242000102996826
