data_preparation: 0.22391414642333984
run_asmooth: 1.1661088466644287
TSmap_estimator: 41.91981339454651
