data_preparation: 0.24401378631591797
run_asmooth: 1.2354779243469238
TSmap_estimator: 43.77715587615967
