data_preparation: 0.20338225364685059
run_asmooth: 1.1079401969909668
TSmap_estimator: 38.44186019897461
