data_preparation: 0.2473289966583252
run_asmooth: 1.2673943042755127
TSmap_estimator: 46.50813865661621
