data_preparation: 0.24393343925476074
run_asmooth: 1.293795108795166
TSmap_estimator: 47.900585412979126
