data_preparation: 0.23428702354431152
run_asmooth: 1.2416067123413086
TSmap_estimator: 45.066030979156494
