data_preparation: 0.22650384902954102
run_asmooth: 1.1947989463806152
TSmap_estimator: 41.17485857009888
