data_preparation: 0.22374176979064941
run_asmooth: 1.127455234527588
TSmap_estimator: 41.815876483917236
