data_preparation: 0.27539992332458496
run_asmooth: 1.3744523525238037
TSmap_estimator: 52.864630699157715
