data_preparation: 0.2667062282562256
run_asmooth: 1.3620071411132812
TSmap_estimator: 49.22696661949158
