data_preparation: 0.2578623294830322
run_asmooth: 1.5814948081970215
TSmap_estimator: 66.28795766830444
