data_preparation: 0.27623867988586426
run_asmooth: 1.5760538578033447
TSmap_estimator: 67.11121249198914
