data_preparation: 0.2890477180480957
run_asmooth: 1.685797929763794
TSmap_estimator: 65.45547676086426
