data_preparation: 0.248399019241333
run_asmooth: 1.231945276260376
TSmap_estimator: 43.74285006523132
