data_preparation: 0.2590184211730957
run_asmooth: 1.4638285636901855
TSmap_estimator: 64.67811989784241
