data_preparation: 0.2520103454589844
run_asmooth: 1.3407902717590332
TSmap_estimator: 49.507795095443726
