data_preparation: 0.2772078514099121
run_asmooth: 1.7089717388153076
TSmap_estimator: 61.8286566734314
