data_preparation: 0.23232173919677734
run_asmooth: 1.2520122528076172
TSmap_estimator: 42.51985716819763
