data_preparation: 0.22649860382080078
run_asmooth: 1.188962459564209
TSmap_estimator: 41.6347279548645
