data_preparation: 0.28891873359680176
run_asmooth: 1.7475509643554688
TSmap_estimator: 72.12962007522583
