data_preparation: 0.22237420082092285
run_asmooth: 1.1061797142028809
TSmap_estimator: 41.56716465950012
