data_preparation: 0.25069475173950195
run_asmooth: 1.4530062675476074
TSmap_estimator: 66.76656413078308
