data_preparation: 0.27922916412353516
run_asmooth: 1.6401567459106445
TSmap_estimator: 64.00381422042847
