data_preparation: 0.22498226165771484
run_asmooth: 1.1819031238555908
TSmap_estimator: 42.220542192459106
