data_preparation: 0.22984838485717773
run_asmooth: 1.223876953125
TSmap_estimator: 42.97085213661194
