data_preparation: 0.2700371742248535
run_asmooth: 1.3486356735229492
TSmap_estimator: 50.744993448257446
