data_preparation: 0.22931241989135742
run_asmooth: 1.2200868129730225
TSmap_estimator: 42.27644681930542
