n_obs: 10
data_preparation: 6.8399293422698975
writing: 0.17408442497253418
reading: 0.18246841430664062
data_fitting: 0.21351265907287598
flux_point: 6.5999860763549805
