n_obs: 10
data_preparation: 8.310007810592651
writing: 0.21400737762451172
reading: 0.22208404541015625
data_fitting: 0.2774660587310791
flux_point: 8.798356294631958
