n_obs: 10
data_preparation: 7.587723255157471
writing: 0.16995644569396973
reading: 0.1747725009918213
data_fitting: 0.2157900333404541
flux_point: 6.412315130233765
