n_obs: 10
data_preparation: 7.8083274364471436
writing: 0.17515969276428223
reading: 0.18529868125915527
data_fitting: 0.22219347953796387
flux_point: 6.4887049198150635
