n_obs: 10
data_preparation: 5.797645568847656
writing: 0.1461784839630127
reading: 0.14727473258972168
data_fitting: 0.12450289726257324
flux_point: 1.634859323501587
