n_obs: 10
data_preparation: 7.929711818695068
writing: 0.20347046852111816
reading: 0.2207944393157959
data_fitting: 0.26728177070617676
flux_point: 8.50614309310913
