n_obs: 10
data_preparation: 6.5562756061553955
writing: 0.14058756828308105
reading: 0.16565585136413574
data_fitting: 0.19699931144714355
flux_point: 6.200252532958984
