n_obs: 10
data_preparation: 5.894079923629761
writing: 0.14308524131774902
reading: 0.15396356582641602
data_fitting: 0.20815086364746094
flux_point: 5.802336692810059
