n_obs: 10
data_preparation: 6.548288583755493
writing: 0.1476306915283203
reading: 0.15317797660827637
data_fitting: 0.18610811233520508
flux_point: 5.489865779876709
