n_obs: 10
data_preparation: 7.879052639007568
writing: 0.20247316360473633
reading: 0.23894834518432617
data_fitting: 0.2879486083984375
flux_point: 9.34641170501709
