n_obs: 10
data_preparation: 6.421036958694458
writing: 0.15325021743774414
reading: 0.15738749504089355
data_fitting: 0.19699454307556152
flux_point: 5.999500274658203
