n_obs: 10
data_preparation: 7.366334438323975
writing: 0.18363475799560547
reading: 0.19619083404541016
data_fitting: 0.2303791046142578
flux_point: 6.975497484207153
