n_obs: 10
data_preparation: 6.582242965698242
writing: 0.18741941452026367
reading: 0.1931748390197754
data_fitting: 0.2575669288635254
flux_point: 7.762664794921875
