n_obs: 10
data_preparation: 6.02644944190979
writing: 0.14763498306274414
reading: 0.16384291648864746
data_fitting: 0.2022697925567627
flux_point: 6.015552282333374
