n_obs: 10
data_preparation: 7.246317386627197
writing: 0.15653753280639648
reading: 0.16327238082885742
data_fitting: 0.20655536651611328
flux_point: 6.0401387214660645
