n_obs: 10
data_preparation: 6.670569181442261
writing: 0.15861868858337402
reading: 0.17184162139892578
data_fitting: 0.20934057235717773
flux_point: 6.4371726512908936
