n_obs: 10
data_preparation: 7.287052869796753
writing: 0.18286466598510742
reading: 0.19891786575317383
data_fitting: 0.26975345611572266
flux_point: 8.223920345306396
