n_obs: 10
data_preparation: 6.470446825027466
writing: 0.15736651420593262
reading: 0.16175484657287598
data_fitting: 0.20728206634521484
flux_point: 6.209582090377808
