n_obs: 10
data_preparation: 6.727832555770874
writing: 0.15003681182861328
reading: 0.15843653678894043
data_fitting: 0.18776988983154297
flux_point: 5.534314870834351
