n_obs: 10
data_preparation: 8.217211246490479
writing: 0.2040095329284668
reading: 0.19171571731567383
data_fitting: 0.24452567100524902
flux_point: 7.798877477645874
