n_obs: 10
data_preparation: 5.868502378463745
writing: 0.14534759521484375
reading: 0.1529712677001953
data_fitting: 0.18728208541870117
flux_point: 5.732013463973999
