n_obs: 10
data_preparation: 6.683761835098267
writing: 0.1464402675628662
reading: 0.15699219703674316
data_fitting: 0.1933906078338623
flux_point: 5.974742889404297
