n_obs: 10
data_preparation: 7.778839588165283
writing: 0.1706218719482422
reading: 0.17996621131896973
data_fitting: 0.216719388961792
flux_point: 6.444822788238525
