n_obs: 10
data_preparation: 6.882604122161865
writing: 0.1824197769165039
reading: 0.20649933815002441
data_fitting: 0.22706317901611328
flux_point: 6.972000598907471
