n_obs: 10
data_preparation: 6.868959426879883
writing: 0.1676170825958252
reading: 0.1761155128479004
data_fitting: 0.2134876251220703
flux_point: 6.5843400955200195
