n_obs: 10
data_preparation: 8.014256238937378
writing: 0.1997087001800537
reading: 0.22068500518798828
data_fitting: 0.2588691711425781
flux_point: 8.253056526184082
