n_obs: 10
data_preparation: 6.438187599182129
writing: 0.14321351051330566
reading: 0.15280890464782715
data_fitting: 0.18883609771728516
flux_point: 5.546370267868042
