n_obs: 10
data_preparation: 7.7242138385772705
writing: 0.20137953758239746
reading: 0.2124490737915039
data_fitting: 0.27055835723876953
flux_point: 8.626591205596924
