n_obs: 10
data_preparation: 6.001344680786133
writing: 0.14605307579040527
reading: 0.15672087669372559
data_fitting: 0.18899798393249512
flux_point: 5.755451202392578
