n_obs: 10
data_preparation: 5.376783132553101
writing: 0.1332559585571289
reading: 0.14055609703063965
data_fitting: 0.17951297760009766
flux_point: 5.362579345703125
