n_obs: 10
data_preparation: 7.221212148666382
writing: 0.15874314308166504
reading: 0.16674494743347168
data_fitting: 0.20798349380493164
flux_point: 6.052131652832031
