n_obs: 10
data_preparation: 5.970098257064819
writing: 0.1479480266571045
reading: 0.15350866317749023
data_fitting: 0.19002819061279297
flux_point: 5.813694953918457
