n_obs: 10
data_preparation: 5.947408437728882
writing: 0.16265511512756348
reading: 0.16025757789611816
data_fitting: 0.1760261058807373
flux_point: 2.325535297393799
