n_obs: 10
data_preparation: 7.071233034133911
writing: 0.1722733974456787
reading: 0.1824045181274414
data_fitting: 0.21953916549682617
flux_point: 6.76133394241333
