n_obs: 10
data_preparation: 6.129293918609619
writing: 0.14588618278503418
reading: 0.1555931568145752
data_fitting: 0.19263625144958496
flux_point: 5.811636209487915
