n_obs: 10
data_preparation: 5.925358295440674
writing: 0.1301894187927246
reading: 0.13924670219421387
data_fitting: 0.16771626472473145
flux_point: 4.986549615859985
