n_obs: 10
data_preparation: 7.73051905632019
writing: 0.19249224662780762
reading: 0.21041345596313477
data_fitting: 0.28085923194885254
flux_point: 8.815298318862915
