n_obs: 10
data_preparation: 7.2659947872161865
writing: 0.18351078033447266
reading: 0.19194674491882324
data_fitting: 0.22411179542541504
flux_point: 6.910343170166016
