n_obs: 10
data_preparation: 5.931304931640625
writing: 0.1451246738433838
reading: 0.15357112884521484
data_fitting: 0.1891932487487793
flux_point: 5.777873516082764
