n_obs: 10
data_preparation: 7.143445253372192
writing: 0.1757829189300537
reading: 0.1861255168914795
data_fitting: 0.2191927433013916
flux_point: 6.8083319664001465
