n_obs: 10
data_preparation: 5.950273275375366
writing: 0.14681720733642578
reading: 0.15566539764404297
data_fitting: 0.1895456314086914
flux_point: 5.776251554489136
