n_obs: 10
data_preparation: 5.931874513626099
writing: 0.13117599487304688
reading: 0.14064526557922363
data_fitting: 0.1766355037689209
flux_point: 5.2012879848480225
