n_obs: 10
data_preparation: 7.032384395599365
writing: 0.19422125816345215
reading: 0.18572378158569336
data_fitting: 0.17178869247436523
flux_point: 2.33988881111145
