n_obs: 10
data_preparation: 7.407606363296509
writing: 0.17862653732299805
reading: 0.19970130920410156
data_fitting: 0.24315643310546875
flux_point: 7.861388921737671
