n_obs: 10
data_preparation: 7.061542987823486
writing: 0.19242572784423828
reading: 0.1946117877960205
data_fitting: 0.2189500331878662
flux_point: 6.711329936981201
