n_obs: 10
data_preparation: 8.059322118759155
writing: 0.19832158088684082
reading: 0.22467684745788574
data_fitting: 0.2752978801727295
flux_point: 8.618727684020996
