n_obs: 10
data_preparation: 7.500194787979126
writing: 0.19033551216125488
reading: 0.19342827796936035
data_fitting: 0.2430262565612793
flux_point: 6.994424819946289
